<<<<<<< HEAD
395
-22 -53 38 0
-52 -61 -25 0
36 68 8 0
75 -62 -28 0
-73 -12 -71 0
33 25 95 0
31 -2 -97 0
-22 58 -62 0
38 24 -18 0
-49 -56 100 0
60 21 -25 0
94 8 89 0
38 97 2 0
-63 -98 51 0
19 47 -9 0
39 6 -70 0
30 62 95 0
84 35 -37 0
53 50 96 0
-73 -45 59 0
40 24 -17 0
83 -76 -1 0
-83 90 9 0
-13 -81 -41 0
-56 -85 5 0
23 39 -87 0
-77 64 51 0
30 5 62 0
-50 93 100 0
-63 74 68 0
7 59 94 0
-88 19 74 0
100 59 70 0
36 -30 52 0
-90 -7 19 0
54 -50 91 0
74 46 -20 0
-62 -97 -82 0
-48 -52 -63 0
60 -46 -71 0
57 92 -3 0
39 -36 12 0
5 -47 7 0
99 -52 -86 0
-7 -6 42 0
59 -43 54 0
-44 85 12 0
-62 2 3 0
-62 -46 -20 0
-67 -3 -12 0
1 -61 46 0
-7 -63 5 0
66 -57 -37 0
-7 17 -82 0
19 70 -64 0
66 -28 98 0
96 25 -89 0
48 -14 -23 0
50 46 -88 0
73 -42 -8 0
28 100 -88 0
88 -62 -65 0
-45 94 69 0
86 32 9 0
16 -62 -69 0
67 -61 -19 0
-81 -20 -45 0
-56 -26 -3 0
18 -79 61 0
63 -37 -77 0
-18 63 69 0
18 -64 -39 0
-37 69 -81 0
-29 78 22 0
-93 -36 45 0
25 99 -41 0
6 19 -17 0
-39 -23 -2 0
-22 46 -4 0
62 -28 34 0
35 -48 -63 0
82 -43 92 0
-7 21 2 0
-36 40 -83 0
-32 14 31 0
38 20 -30 0
-69 -58 55 0
73 -15 94 0
-92 11 -82 0
-6 -40 33 0
-18 -89 73 0
-15 -34 62 0
-84 81 -12 0
-92 6 -50 0
-87 -68 -91 0
-94 1 -69 0
-56 -59 77 0
8 -32 -17 0
16 -44 27 0
90 -52 -36 0
54 -42 -87 0
24 29 52 0
-93 39 63 0
66 -88 10 0
6 -86 88 0
34 15 -35 0
20 18 -31 0
1 -44 -95 0
83 54 -41 0
60 57 67 0
26 95 -73 0
-71 -96 -68 0
29 91 -23 0
-77 -40 -30 0
80 -26 -23 0
-64 20 -79 0
100 -43 -32 0
-69 2 -23 0
-85 86 34 0
13 74 58 0
-54 28 53 0
-30 -26 58 0
-58 -49 92 0
82 6 10 0
-50 -19 8 0
22 52 -81 0
-77 86 -46 0
100 76 -56 0
46 -15 72 0
36 18 5 0
19 21 59 0
-19 -51 69 0
-1 -16 78 0
21 -14 -15 0
-56 -48 -46 0
-85 -77 -31 0
-37 -33 9 0
6 82 -60 0
-84 -96 -97 0
29 -28 62 0
-36 35 -40 0
-53 59 -73 0
60 31 40 0
35 89 59 0
64 -90 -1 0
-28 -61 3 0
4 -71 -10 0
-18 -30 92 0
72 -13 62 0
-29 64 78 0
-15 38 2 0
-46 -68 15 0
25 81 46 0
-56 26 15 0
-49 56 63 0
-62 94 -40 0
84 -57 -62 0
95 -31 4 0
-79 57 -25 0
79 93 23 0
74 -59 -62 0
16 -43 -59 0
36 -7 23 0
57 26 95 0
-69 82 5 0
10 59 35 0
-51 88 -60 0
-61 47 23 0
-71 -44 4 0
-29 98 54 0
36 39 48 0
-91 -35 -90 0
-99 18 65 0
-28 -98 -70 0
93 47 -40 0
-55 72 -19 0
71 -21 -90 0
-76 61 5 0
-63 14 -21 0
-71 -22 -42 0
-56 36 -34 0
88 -93 -34 0
66 78 94 0
-81 -70 71 0
71 -18 3 0
-4 5 -94 0
-78 -84 1 0
95 74 -90 0
95 15 71 0
52 -16 7 0
-4 85 -58 0
-8 16 -81 0
47 -65 -24 0
-89 -31 -51 0
-76 100 49 0
8 39 -61 0
27 -93 1 0
39 11 -54 0
13 43 55 0
69 34 -60 0
-25 82 65 0
70 61 87 0
-85 7 46 0
-6 -30 41 0
33 91 59 0
89 -4 -5 0
-94 -95 -47 0
75 -35 -58 0
-10 -5 28 0
-93 -7 75 0
29 -92 78 0
97 -42 66 0
2 -12 -27 0
75 51 37 0
90 -74 -95 0
-75 100 -10 0
41 12 -77 0
-34 -77 4 0
13 18 54 0
59 100 15 0
9 43 -59 0
-68 -50 94 0
66 86 -22 0
97 -16 -80 0
10 33 -96 0
78 23 85 0
-5 96 16 0
-91 -54 75 0
97 40 -50 0
-48 88 93 0
98 23 -3 0
21 -88 -31 0
60 -67 -51 0
62 -2 -79 0
18 66 -64 0
-36 79 -98 0
19 32 85 0
-55 -62 -3 0
33 -93 -61 0
79 27 -74 0
-38 21 84 0
-66 -60 -48 0
-98 -68 -47 0
-79 81 57 0
-4 -41 30 0
-96 -15 87 0
43 -98 96 0
8 97 9 0
-51 9 -86 0
38 5 -43 0
-91 -15 88 0
-20 68 15 0
-53 -91 -37 0
-47 13 -38 0
-64 28 -77 0
39 -6 -2 0
-35 74 90 0
54 69 42 0
-84 98 -4 0
23 43 -24 0
-98 -63 -14 0
94 10 -65 0
-50 10 69 0
-3 -20 -47 0
-41 -89 -36 0
-9 48 44 0
78 9 57 0
78 55 -56 0
3 -77 85 0
90 99 74 0
-32 56 47 0
-29 47 37 0
50 -41 8 0
-73 13 27 0
13 -31 -11 0
-16 31 90 0
20 -66 47 0
-68 -92 -1 0
86 95 -24 0
58 -72 64 0
-35 -67 94 0
59 -4 15 0
-35 52 32 0
-73 31 66 0
-5 -15 -92 0
20 77 -94 0
-78 39 -28 0
52 49 -27 0
-88 62 69 0
45 -42 -50 0
70 -14 26 0
82 13 28 0
-10 -52 -24 0
-1 13 -92 0
3 65 -90 0
-23 -89 -45 0
11 -34 37 0
-33 17 54 0
87 50 25 0
-92 2 -44 0
80 52 -79 0
-79 89 25 0
-5 -85 -8 0
14 41 -22 0
4 23 33 0
-100 -51 37 0
-57 39 -60 0
72 -87 99 0
-10 -52 95 0
-88 -8 -39 0
23 -54 -66 0
-90 43 49 0
7 70 99 0
59 -73 48 0
-17 -76 -36 0
-34 -94 59 0
46 -92 -38 0
-13 -89 -24 0
-39 93 -21 0
-52 36 44 0
-22 -39 82 0
25 4 17 0
-21 -61 -54 0
-19 73 23 0
80 -87 46 0
36 -47 9 0
46 66 78 0
-88 -52 -74 0
11 92 40 0
46 70 93 0
74 -54 81 0
-94 76 62 0
-24 -74 -98 0
2 -32 58 0
56 73 42 0
-69 65 67 0
100 80 -89 0
-40 -49 97 0
-95 58 82 0
98 -84 -62 0
24 -87 -41 0
21 -10 6 0
91 -38 34 0
-48 9 -68 0
-46 -94 44 0
-66 85 -54 0
48 -4 52 0
-77 -99 -63 0
-3 -31 -48 0
-7 -41 -86 0
4 -69 32 0
-97 -32 9 0
-67 87 -97 0
-4 32 7 0
-59 -16 84 0
-23 85 27 0
88 -26 10 0
24 -6 59 0
87 73 -11 0
-34 40 -73 0
88 39 69 0
70 58 8 0
-96 46 -39 0
27 91 -88 0
-55 15 100 0
-24 73 -13 0
4 7 49 0
-64 52 16 0
35 57 -2 0
19 34 70 0
28 -17 88 0
80 -43 -81 0
-12 -9 37 0
19 7 -94 0
19 59 -79 0
-98 35 -2 0
-87 -99 -50 0
-7 -30 25 0
10 14 -28 0
23 10 9 0
-12 -41 -72 0
-6 -65 60 0
4 -14 17 0
-39 51 22 0
-65 84 99 0
43 45 -8 0
-100 58 -8 0
85 1 -99 0
-32 -96 27 0
49 6 -87 0
18 71 -67 0
-73 -100 78 0
1 -63 14 0
3 -64 -72 0
95 -51 11 0
=======
244
-71 -62 -94 0
-33 -74 93 0
16 -58 -2 0
-65 -69 56 0
12 -46 -68 0
6 14 7 0
-39 -31 -87 0
-47 -71 75 0
11 -85 -8 0
-49 -64 63 0
-8 -1 15 0
-21 -60 -40 0
-68 -71 -85 0
-68 49 -55 0
51 17 -40 0
-51 -82 -59 0
-53 45 -41 0
85 -44 34 0
-12 46 -66 0
100 -19 -93 0
-75 -32 82 0
78 -31 70 0
26 -65 -74 0
-57 88 -51 0
18 94 48 0
-71 62 -83 0
9 -91 -36 0
15 -66 78 0
41 -71 42 0
99 -70 61 0
-15 59 39 0
24 -10 -99 0
2 -52 -93 0
-18 -42 74 0
40 46 58 0
-89 99 13 0
-2 20 22 0
70 29 -92 0
-52 -26 20 0
-96 86 -2 0
12 -73 -55 0
-58 89 16 0
-61 -78 -32 0
89 -47 17 0
71 16 67 0
-93 -22 -30 0
-91 -14 95 0
-53 -27 48 0
63 2 -22 0
46 -13 -99 0
-21 -98 -23 0
23 93 68 0
46 73 -11 0
62 -84 83 0
-71 -40 4 0
-59 -35 64 0
26 -35 -98 0
90 -78 66 0
-53 -50 79 0
64 33 62 0
64 2 39 0
32 -87 -19 0
-41 -12 13 0
21 -43 -98 0
66 96 -72 0
37 87 -47 0
65 22 61 0
90 -63 32 0
100 2 -52 0
-41 77 -5 0
100 -71 -47 0
-72 30 95 0
29 -25 94 0
17 -93 47 0
-23 -13 39 0
64 76 43 0
73 17 63 0
2 91 31 0
36 28 63 0
55 39 93 0
77 72 -80 0
-64 35 -28 0
41 -58 -72 0
-85 98 -99 0
-62 91 15 0
-71 -99 39 0
-12 -78 47 0
59 23 -50 0
49 69 99 0
87 -71 77 0
13 35 -43 0
-12 -49 50 0
-18 -62 -94 0
-60 1 57 0
9 -74 -91 0
-36 -90 -82 0
-2 31 10 0
-65 -90 -59 0
64 -40 27 0
10 84 57 0
71 -3 31 0
40 78 -86 0
-94 28 -37 0
61 100 -59 0
1 22 8 0
27 -76 94 0
-94 86 80 0
57 88 -12 0
36 41 86 0
-82 -62 -88 0
26 -27 -15 0
27 59 -98 0
38 69 14 0
-96 -13 8 0
-46 -97 74 0
81 -45 21 0
33 -88 17 0
35 5 -4 0
90 -83 89 0
65 36 13 0
25 -52 -65 0
-58 63 -10 0
85 -19 99 0
40 69 15 0
41 -91 39 0
71 -86 47 0
-19 30 -67 0
54 33 12 0
-32 24 -99 0
-40 -2 -58 0
-60 30 12 0
-46 85 -33 0
-88 74 22 0
42 46 -30 0
35 86 -77 0
-49 94 35 0
-91 81 -74 0
85 44 63 0
45 68 -20 0
-75 -40 -32 0
99 7 50 0
41 33 -19 0
22 -33 -70 0
17 84 -70 0
53 15 -5 0
41 49 -65 0
3 46 72 0
-40 2 78 0
21 59 -31 0
-2 69 62 0
68 61 49 0
12 91 21 0
72 55 50 0
55 -7 -40 0
-37 -77 -80 0
-50 39 71 0
14 51 -10 0
87 -78 69 0
-88 -84 45 0
-50 27 43 0
-24 -44 68 0
7 77 75 0
97 -63 -22 0
-65 -16 96 0
-71 -47 69 0
57 94 -4 0
59 -90 -96 0
-75 -90 93 0
-53 84 98 0
87 -78 -9 0
-15 -25 -23 0
19 34 1 0
-47 -45 43 0
69 -88 99 0
92 -84 -24 0
-89 27 -21 0
47 -81 -20 0
57 -46 27 0
20 -92 -69 0
-27 -11 78 0
80 -100 -69 0
88 -91 92 0
73 -9 67 0
45 13 99 0
-7 71 -55 0
-69 -82 7 0
92 83 -64 0
-99 71 -72 0
-47 100 -33 0
-42 100 67 0
-26 -9 4 0
65 -70 23 0
20 -85 -80 0
-13 64 -51 0
-20 78 -16 0
61 65 50 0
19 58 -24 0
-17 -33 -49 0
84 20 63 0
64 -69 -51 0
-12 -66 -14 0
68 -38 30 0
-21 -89 -74 0
69 -95 -60 0
8 21 -42 0
-77 -43 32 0
-92 -26 89 0
54 43 -10 0
-100 -57 36 0
-23 35 -97 0
-23 65 -84 0
57 46 5 0
37 90 -88 0
62 54 71 0
-21 -40 100 0
68 -87 -23 0
68 48 40 0
-32 34 -99 0
-24 36 -16 0
-67 59 -61 0
-82 -45 -55 0
-80 -82 -45 0
-60 -50 -5 0
-62 64 -58 0
-51 -68 57 0
9 -57 41 0
-60 84 59 0
-26 -55 22 0
70 -21 50 0
6 22 -81 0
27 31 -3 0
77 -9 -45 0
-37 29 97 0
28 98 -59 0
-40 64 72 0
66 42 34 0
41 58 83 0
-90 -86 -50 0
-72 -73 49 0
30 23 5 0
90 -24 16 0
-19 -23 98 0
22 44 1 0
33 89 87 0
>>>>>>> 713da7c58a13b2ff7d67dd6ca9c3dec031e121b4
