100 150
20 170
30 90 60 
40 140 240 50
50 110
60 30 90
70 120 80 170 210
80 70 130
90 30 60 130
100 180 220 160 250
110 50 220
120 210 70
130 80 180 90
140 40 180 230
150 100 190 20
160 100 250
170 20 70
180 140 130 100
190 150 200 230
200 190 150
210 120 70 40 99
220 100 110 230 88
230 140 190 220 77
240 40 66
250 160 100
66 111 240
77 211 230
88 311 220
99 411 210 
111 1511 66
211 1711 77
311 911 611 88
411 1411 2411 511 99
511 1111
611 311 911
711 1211 811 1711 2111
811 711 1311
911 311 611 1311
1011 1811 2211 1611 2511
1111 511 2211
1211 2111 711
1311 811 1811 911
1411 411 1811 2311
1511 111 1911 2011
1611 1011 2511
1711 211 711
1811 1411 1311 1011
1911 1511 2011 2311
2011 1911 1511
2111 1211 711 411
2211 1011 1111 2311
2311 1411 1911 2211
2411 411
2511 1611 1011